1
2
8
10
11
14
16
17
18
21
22
30
31
32
33
34
36
40
42
45
47
48
49
51
52
53
54
55
56
57
59
60
61
62
66
67
68
69
70
71
72
73
74
75
76
77
79
80
81
82
84
86
87
88
89
90
91
93
94
95
96
97
98
99
100
101
102
105
106
108
109
110
111
112
114
117
118
119
122
124
126
129
132
133
137
140
141
142
143
144
148
150
151
152
153
154
155
156
157
159
160
163
164
166
167
169
170
171
173
174
176
177
180
182
183
184
185
188
189
190
191
192
193
194
195
196
199
201
202
203
204
206
207
208
211
212
215
218
219
220
222
223
225
227
230
232
235
236
237
238
240
242
243
245
246
247
248
250
251
252
253
257
259
260
261
262
263
264
265
269
270
271
272
273
275
276
277
279
280
281
282
284
285
286
287
288
289
292
293
294
295
296
297
299
305
307
309
314
317
318
321
323
325
326
331
332
333
334
338
339
342
343
345
346
347
349
350
351
354
355
358
363
364
365
366
375
376
383
387
388
389
391
394
395
397
400
402
403
404
405
406
407
409
410
416
418
419
420
421
422
424
425
426
427
428
429
432
434
437
438
439
440
441
442
443
444
446
448
449
453
454
456
457
458
461
462
463
464
465
466
467
469
470
471
474
475
476
477
478
480
481
482
484
485
486
487
492
493
494
496
500
503
505
507
509
511
514
515
519
520
521
528
529
530
531
532
533
534
536
537
538
539
540
541
542
543
546
548
550
552
553
556
558
559
563
564
565
566
567
568
570
571
572
573
574
575
577
578
579
580
581
584
593
594
596
597
598
601
602
604
609
611
612
613
614
615
616
618
619
620
624
625
626
629
630
634
635
636
637
639
640
644
648
649
651
652
653
655
657
658
660
661
663
665
666
668
669
670
671
676
678
681
682
683
684
687
688
690
692
694
695
697
698
700
702
704
705
706
707
708
709
710
711
714
716
718
722
724
726
727
728
732
735
737
739
740
752
754
757
760
762
763
764
766
767
768
772
774
775
776
778
779
781
782
783
784
785
787
788
789
792
795
796
799
800
803
805
806
808
809
810
811
815
817
820
821
822
824
825
826
827
828
830
832
834
836
837
845
846
852
853
856
857
860
861
863
865
866
867
868
872
873
874
879
883
885
886
887
888
890
891
892
894
895
899
900
901
904
905
908
909
910
911
912
913
914
916
917
918
921
922
923
925
926
927
928
929
930
931
934
935
937
940
941
945
946
947
950
951
952
953
954
955
957
959
962
963
964
969
971
972
974
975
977
978
980
982
984
985
986
987
988
990
991
992
993
994
995
996
997
998
999
1000
1003
1005
1008
1009
1010
1012
1016
1017
1018
1019
1020
1022
1023
1024
1025
1026
1027
1028
1029
1031
1032
1033
1034
1035
1036
1037
1038
1039
1040
1041
1043
1045
1046
1047
1049
1051
1052
1059
1062
1064
1065
1066
1067
1068
1069
1074
1075
1076
1077
1078
1079
1080
1082
1085
1086
1089
1090
1092
1093
1095
1096
1098
1099
1101
1102
1104
1105
1107
1108
1109
1110
1111
1112
1114
1115
1116
1123
1125
1126
1127
1129
1135
1136
1139
1140
1141
1143
1145
1146
1148
1150
1151
1152
1153
1154
1155
1157
1158
1159
1160
1162
1163
1165
1166
1167
1168
1169
1172
1173
1177
1178
1179
1181
1182
1183
1184
1185
1186
1187
1191
1192
1193
1194
1195
1196
1197
1198
1201
1203
1204
1206
1208
1209
1211
1212
1214
1217
1221
1223
1224
1225
1227
1229
1231
1232
1234
1235
1236
1238
1242
1243
1244
1247
1248
1249
1250
1251
1252
1253
1254
1255
1257
1258
1260
1261
1264
1265
1268
1269
1270
1271
1272
1274
1276
1278
1279
1281
1282
1284
1287
1289
1290
1291
1292
1296
1297
1300
1301
1302
1307
1311
1312
1314
1315
1316
1318
1319
1323
1325
1326
1330
1331
1332
1333
1334
1335
1336
1337
1339
1340
1342
1344
1345
1347
1348
1352
1353
1354
1355
1356
1357
1359
1360
1362
1363
1364
1365
1366
1367
1368
1369
1370
1371
1373
1376
1377
1379
1380
1382
1383
1385
1387
1389
1390
1392
1393
1396
1397
1398
1400
1406
1407
1408
1409
1410
1411
1412
1414
1415
1417
1418
1419
1423
1424
1425
1426
1429
1430
1432
1435
1437
1440
1444
1445
1446
1447
1448
1451
1453
1454
1456
1458
1459
1460
1461
1462
1465
1466
1467
1469
1471
1472
1473
1474
1475
1476
1478
1482
1483
1484
1486
1487
1488
1489
1490
1491
1492
1493
1494
1495
1496
1497
1500
1503
1504
1507
1508
1509
1510
1513
1514
1517
1518
1519
1521
1522
1525
1527
1529
1530
1531
1533
1535
1536
1537
1538
1539
1541
1542
1543
1544
1545
1548
1549
1550
1551
1552
1555
1557
1559
1560
1561
1563
1564
1567
1568
1569
1570
1571
1572
1574
1575
1576
1577
1578
1579
1581
1584
1585
1586
1590
1591
1592
1593
1594
1595
1596
1597
1599
1600
1601
1602
1603
1604
1606
1607
1608
1609
1610
1611
1613
1614
1615
1616
1617
1618
1619
1620
1621
1622
1624
1625
1626
1627
1629
1630
1633
1634
1636
1637
1638
1639
1640
1641
1645
1646
1647
1648
1649
1651
1653
1655
1656
1657
1658
1659
1663
1664
1665
1666
1668
1670
1672
1674
1675
1677
1679
1680
1682
1686
1688
1689
1690
1691
1692
1693
1694
1695
1699
1700
1701
1703
1705
1707
1710
1712
1714
1715
1716
1718
1720
1723
1724
1725
1727
1728
1730
1731
1735
1737
1739
1740
1741
1742
1743
1744
1745
1748
1750
1751
1755
1756
1757
1758
1759
1761
1769
1770
1774
1775
1776
1777
1778
1779
1783
1786
1787
1788
1790
1791
1792
1793
1794
1795
1796
1797
1798
1801
1803
1806
1807
1809
1810
1816
1818
1822
1823
1828
1829
1831
1832
1834
1837
1840
1841
1842
1843
1844
1846
1847
1849
1851
1852
1853
1854
1856
1857
1858
1860
1863
1865
1867
1868
1870
1872
1874
1877
1878
1880
1881
1885
1887
1889
1890
1892
1894
1896
1897
1898
1900
1901
1904
1905
1908
1909
1911
1912
1913
1914
1915
1920
1921
1922
1923
1924
1925
1927
1928
1929
1930
1932
1936
1938
1939
1940
1941
1942
1944
1945
1948
1949
1950
1952
1957
1958
1959
1961
1964
1965
1968
1969
1971
1972
1974
1977
